"strata.SPA1A.2to8.new" <- 
list("Strata" = c(6, 7)
, "Strata.name" = c("2-8 MILES YOUNGS COVE (YC)", "2-8 MILES HAMPTON (HT)")
, "tow.sqm" = 4267
, "sq.area.tow" = "800m*5.334"
, "AREA.SQKM" = c(106.716807, 114.943275)
, "NH" = c(25009., 26936.)
)

"strata.SPA1A.8to16.noctrville.new" <- 
list("Strata" = c(12, 13, 14, 15, 16, 17, 18, 19, 20)
, "Strata.name" = c("8-16 MILES GULLIVERS HEAD (GH)", "8-16 MILES DIGBY GUT (DG)", "8-16 MILES DELAPS COVE (DC)", "8-16 MILES PARKERS COVE (PC)", "8-16 MILES YOUNGS COVE (YC)", 
	"8-16 MILES HAMPTON (HT)", "8-16 MILES BETWEEN CENTREVILLE AND GULLI", "8-16 MILES BETWEEN GULLIVERS HEAD AND DI", "8-16 MILES BETWEEN DIGBY GUT AND DELAPS")
, "tow.sqm" = 4267
, "sq.area.tow" = "800m*5.334"
, "AREA.SQKM" = c(118.898703, 156.28110699999999, 91.351685000000003, 89.194579000000004, 103.755528, 90.130792, 55.185380000000002, 72.407692999999995, 73.851681999999997)
, "NH" = c(27863., 36624., 21408., 20902., 24315., 21122., 12932., 16968., 17307.)
)

"strata.SPA4.new" <- 
list("Strata" = c(1, 2, 3, 4, 5, 8, 9, 10)
, "Strata.name" = c("2-8 MILES OFFCENTREVILLE (CV)", "2-8 MILES GULLIVERS HEAD (GH)", "2-8 MILES DIGBY GUT (DG)", "2-8 MILES DELAPS COVE (DC)", "2-8 MILES PARKERS COVE (PC)", 
	"2-8 MILES BETWEEN CENTREVILLE AND GULLIV", "2-8 MILES BETWEEN GULLIVERS HEAD AND DIG", "2-8 MILES BETWEEN DIGBY GUT AND DELAPS C")
, "tow.sqm" = 4267
, "sq.area.tow" = "800m*5.334"
, "AREA.SQKM" = c(99.665933999999993, 88.259743, 129.11028099999999, 85.102249999999998, 107.90292599999999, 39.278002000000001, 56.403201000000003, 64.776392000000001)
, "NH" = c(23356., 20683., 30256., 19943., 25287., 9205., 13218., 15180.)
)

